[[-71.3973, 41.8195], [-71.3973, 41.8195], [-71.3974, 
  41.8195], [-71.3974, 41.8195], [-71.3976, 41.8195], [-71.3976, 
  41.8195], [-71.3977, 41.8195], [-71.3978, 41.8195], [-71.3978, 
  41.8195], [-71.3979, 41.8195], [-71.398, 41.8195], [-71.3981, 
  41.8195], [-71.3981, 41.8195], [-71.3982, 41.8195], [-71.3983, 
  41.8195], [-71.3986, 41.8195], [-71.3988, 41.8195], [-71.3988, 
  41.8194], [-71.3989, 41.8194], [-71.3991, 41.8194], [-71.3993, 
  41.8194], [-71.3996, 41.8193], [-71.3996, 41.8193], [-71.3998, 
  41.8192], [-71.3999, 41.8192], [-71.4, 41.8192], [-71.4003, 
  41.8191], [-71.4004, 41.8191], [-71.4004, 41.819], [-71.4004, 
  41.819], [-71.4002, 41.8188], [-71.4001, 41.8187], [-71.4001, 
  41.8186], [-71.4, 41.8185], [-71.3999, 41.8183], [-71.3998, 
  41.8183], [-71.3997, 41.8182], [-71.3996, 41.8181], [-71.3995, 
  41.8181], [-71.3995, 41.8181], [-71.3992, 41.8181], [-71.3991, 
  41.818], [-71.3989, 41.818], [-71.3988, 41.818], [-71.3985, 
  41.8181], [-71.3985, 41.8181], [-71.3983, 41.8182], [-71.3982, 
  41.8182], [-71.398, 41.8183], [-71.3979, 41.8184], [-71.3977, 
  41.8185], [-71.3976, 41.8185], [-71.3973, 41.8185], [-71.3972, 
  41.8185], [-71.3969, 41.8186], [-71.3967, 41.8187], [-71.3964, 
  41.8187], [-71.3961, 41.8187], [-71.3961, 41.8187], [-71.3958, 
  41.8188], [-71.3957, 41.8188], [-71.3954, 41.8188], [-71.3953, 
  41.8188], [-71.395, 41.8189], [-71.3948, 41.8189], [-71.3945, 
  41.819], [-71.3945, 41.819], [-71.3942, 41.819], [-71.3942, 
  41.819], [-71.3941, 41.819], [-71.394, 41.819], [-71.3939, 
  41.8188], [-71.3939, 41.8186], [-71.3938, 41.8185], [-71.3939, 
  41.8185], [-71.3939, 41.8184], [-71.394, 41.8184], [-71.394, 
  41.8184], [-71.3939, 41.8184], [-71.3939, 41.8184], [-71.3938, 
  41.8184], [-71.3937, 41.8184], [-71.3936, 41.8184], [-71.3936, 
  41.8184], [-71.3936, 41.8183], [-71.3936, 41.8183], [-71.3939, 
  41.8183], [-71.394, 41.8183], [-71.3942, 41.8183], [-71.3942, 
  41.8183], [-71.3941, 41.8183], [-71.3938, 41.8183], [-71.3937, 
  41.8183], [-71.3934, 41.8182], [-71.3932, 41.8182], [-71.3931, 
  41.8181], [-71.393, 41.818], [-71.3929, 41.8178], [-71.3928, 
  41.8178], [-71.3928, 41.8178], [-71.3927, 41.8178], [-71.3925, 
  41.8179], [-71.3922, 41.818], [-71.3919, 41.8179], [-71.3919, 
  41.8179], [-71.3917, 41.8179], [-71.3917, 41.8179], [-71.3917, 
  41.818], [-71.3916, 41.8181], [-71.3916, 41.8182], [-71.3917, 
  41.8183], [-71.3918, 41.8185], [-71.3918, 41.8185], [-71.3918, 
  41.8187], [-71.3919, 41.8187], [-71.392, 41.8186], [-71.3921, 
  41.8186], [-71.3922, 41.8186], [-71.3922, 41.8187], [-71.3923, 
  41.8187], [-71.3922, 41.8188], [-71.392, 41.8188], [-71.3918, 
  41.8189], [-71.3917, 41.8189], [-71.3916, 41.8189], [-71.3913, 
  41.819], [-71.3912, 41.819], [-71.391, 41.819], [-71.3909, 
  41.819], [-71.3907, 41.819], [-71.3905, 41.819], [-71.3903, 
  41.819], [-71.3902, 41.819], [-71.39, 41.819], [-71.3898, 
  41.819], [-71.3895, 41.819], [-71.3895, 41.819], [-71.3892, 
  41.819], [-71.3892, 41.819], [-71.3889, 41.819], [-71.3889, 
  41.819], [-71.3886, 41.819], [-71.3886, 41.819], [-71.3883, 
  41.8189], [-71.3883, 41.8189], [-71.388, 41.8189], [-71.3878, 
  41.819], [-71.3877, 41.8189], [-71.3875, 41.8189], [-71.3873, 
  41.819], [-71.3872, 41.819], [-71.387, 41.819], [-71.3869, 
  41.8189], [-71.3867, 41.8189], [-71.3865, 41.8189], [-71.3862, 
  41.8189], [-71.386, 41.8189], [-71.3859, 41.8189], [-71.3857, 
  41.8189], [-71.3854, 41.8189], [-71.3853, 41.8189], [-71.385, 
  41.8189], [-71.3849, 41.8189], [-71.3846, 41.8189], [-71.3845, 
  41.8189], [-71.3843, 41.8189], [-71.3841, 41.8188], [-71.3839, 
  41.8188], [-71.3838, 41.8188], [-71.3836, 41.8188], [-71.3836, 
  41.8188], [-71.3835, 41.8187], [-71.3833, 41.8187], [-71.3833, 
  41.8186], [-71.3831, 41.8185], [-71.3829, 41.8183], [-71.3829, 
  41.8183], [-71.3827, 41.8181], [-71.3827, 41.8181], [-71.3828, 
  41.8181], [-71.3828, 41.8181], [-71.383, 41.8181], [-71.3832, 
  41.8182], [-71.3833, 41.8182], [-71.3833, 41.8182], [-71.3834, 
  41.8182], [-71.3834, 41.8182], [-71.3834, 41.8182], [-71.3834, 
  41.8181], [-71.3832, 41.8181], [-71.383, 41.818], [-71.3829, 
  41.818], [-71.3827, 41.8179], [-71.3826, 41.8179], [-71.3825, 
  41.8178], [-71.3825, 41.8178], [-71.3824, 41.8178], [-71.3822, 
  41.8177], [-71.3821, 41.8177], [-71.3819, 41.8176], [-71.3816, 
  41.8175], [-71.3816, 41.8175], [-71.3814, 41.8175], [-71.3814, 
  41.8174], [-71.3814, 41.8174], [-71.3813, 41.8174], [-71.381, 
  41.8173], [-71.381, 41.8173], [-71.3809, 41.8173], [-71.3808, 
  41.8175], [-71.3807, 41.8177], [-71.3807, 41.8177], [-71.3806, 
  41.8179], [-71.3806, 41.818], [-71.3804, 41.8182], [-71.3804, 
  41.8182], [-71.3803, 41.8184], [-71.3803, 41.8184], [-71.3803, 
  41.8185], [-71.3802, 41.8185], [-71.3801, 41.8186], [-71.38, 
  41.8188], [-71.38, 41.8189], [-71.3799, 41.819], [-71.3799, 
  41.8191], [-71.3798, 41.8192], [-71.3797, 41.8193], [-71.3796, 
  41.8195], [-71.3794, 41.8196], [-71.3793, 41.8197], [-71.379, 
  41.8197], [-71.3788, 41.8197], [-71.3786, 41.8197], [-71.3783, 
  41.8197], [-71.3782, 41.8197], [-71.3779, 41.8197], [-71.3779, 
  41.8197], [-71.3776, 41.8196], [-71.3774, 41.8196], [-71.3771, 
  41.8195], [-71.3771, 41.8194], [-71.3769, 41.8194], [-71.3767, 
  41.8193], [-71.3766, 41.8193], [-71.3765, 41.8192], [-71.3765, 
  41.8192], [-71.3763, 41.8192], [-71.3761, 41.8191], [-71.3761, 
  41.8191], [-71.376, 41.819], [-71.3758, 41.819], [-71.3755, 
  41.8189], [-71.3753, 41.8188], [-71.3752, 41.8188], [-71.3751, 
  41.8187], [-71.3749, 41.8187], [-71.3746, 41.8186], [-71.3744, 
  41.8185], [-71.3743, 41.8185], [-71.3742, 41.8184], [-71.374, 
  41.8184], [-71.3738, 41.8183], [-71.3736, 41.8182], [-71.3735, 
  41.8182], [-71.3733, 41.8181], [-71.3731, 41.818], [-71.3729, 
  41.818], [-71.3728, 41.8179], [-71.3726, 41.8179], [-71.3724, 
  41.8178], [-71.3722, 41.8177], [-71.372, 41.8177], [-71.3718, 
  41.8176], [-71.3717, 41.8176], [-71.3715, 41.8175], [-71.3714, 
  41.8175], [-71.3712, 41.8174], [-71.3711, 41.8174], [-71.3709, 
  41.8173], [-71.3708, 41.8173], [-71.3706, 41.8172], [-71.3704, 
  41.8171], [-71.3702, 41.8171], [-71.3701, 41.817], [-71.3699, 
  41.8169], [-71.3698, 41.8169], [-71.3696, 41.8168], [-71.3695, 
  41.8168], [-71.3695, 41.8168], [-71.3695, 41.8169], [-71.3694, 
  41.8169], [-71.3694, 41.817], [-71.3694, 41.8171], [-71.3694, 
  41.8172], [-71.3693, 41.8174], [-71.3693, 41.8174], [-71.3692, 
  41.8176], [-71.3692, 41.8177], [-71.3692, 41.8178], [-71.3692, 
  41.8178], [-71.3691, 41.818], [-71.3691, 41.8181], [-71.369, 
  41.8183], [-71.369, 41.8184], [-71.369, 41.8184], [-71.3689, 
  41.8185], [-71.3689, 41.8186], [-71.3689, 41.8188], [-71.3688, 
  41.8189], [-71.3688, 41.8191], [-71.3687, 41.8191], [-71.3686, 
  41.8193], [-71.3686, 41.8193], [-71.3685, 41.8194], [-71.3685, 
  41.8194], [-71.3685, 41.8195], [-71.3685, 41.8196], [-71.3685, 
  41.8197], [-71.3685, 41.8199], [-71.3685, 41.82], [-71.3685, 
  41.82], [-71.3687, 41.82], [-71.369, 41.82], [-71.3691, 
  41.82], [-71.3694, 41.8199], [-71.3696, 41.8199], [-71.3697, 
  41.8199], [-71.3699, 41.8199], [-71.37, 41.8199], [-71.3703, 
  41.8198], [-71.3704, 41.8198], [-71.3705, 41.8197], [-71.3706, 
  41.8197], [-71.3708, 41.8196], [-71.371, 41.8196], [-71.3711, 
  41.8196], [-71.3713, 41.8196], [-71.3714, 41.8196], [-71.3716, 
  41.8196], [-71.3718, 41.8196], [-71.3719, 41.8196], [-71.3721, 
  41.8196], [-71.3723, 41.8196], [-71.3724, 41.8196], [-71.3726, 
  41.8196], [-71.3727, 41.8196], [-71.3729, 41.8196], [-71.3732, 
  41.8196], [-71.3735, 41.8196], [-71.3735, 41.8196], [-71.3737, 
  41.8197], [-71.3739, 41.8197], [-71.3741, 41.8197], [-71.3744, 
  41.8196], [-71.3746, 41.8196], [-71.3748, 41.8196], [-71.375, 
  41.8197], [-71.3753, 41.8197], [-71.3754, 41.8196], [-71.3757, 
  41.8196], [-71.3757, 41.8196], [-71.3759, 41.8196], [-71.376, 
  41.8196], [-71.3763, 41.8197], [-71.3764, 41.8197], [-71.3765, 
  41.8197], [-71.3766, 41.8197], [-71.3768, 41.8197], [-71.3769, 
  41.8197], [-71.3771, 41.8196], [-71.3772, 41.8197], [-71.3772, 
  41.8197], [-71.3773, 41.8196], [-71.3776, 41.8196], [-71.3778, 
  41.8197], [-71.3781, 41.8197], [-71.3782, 41.8197], [-71.3785, 
  41.8197], [-71.3785, 41.8197], [-71.3787, 41.8197], [-71.3788, 
  41.8197], [-71.379, 41.8197], [-71.3791, 41.8197], [-71.3791, 
  41.8198], [-71.3792, 41.8199], [-71.3792, 41.8199], [-71.3792, 
  41.8201], [-71.3791, 41.8202], [-71.379, 41.8203], [-71.3789, 
  41.8205], [-71.3788, 41.8205], [-71.3787, 41.8207], [-71.3787, 
  41.8207], [-71.3785, 41.8209], [-71.3785, 41.821], [-71.3784, 
  41.8212], [-71.3784, 41.8212], [-71.3783, 41.8214], [-71.3783, 
  41.8214], [-71.3781, 41.8215], [-71.3781, 41.8216], [-71.378, 
  41.8218], [-71.3779, 41.8219], [-71.3778, 41.8221], [-71.3778, 
  41.8221], [-71.3777, 41.8223], [-71.3776, 41.8225], [-71.3775, 
  41.8226], [-71.3774, 41.8228], [-71.3773, 41.8229], [-71.3772, 
  41.8231], [-71.3772, 41.8231], [-71.3771, 41.8232], [-71.3771, 
  41.8233], [-71.377, 41.8234], [-71.3769, 41.8235], [-71.3768, 
  41.8237], [-71.3767, 41.8238], [-71.3766, 41.824], [-71.3766, 
  41.8241], [-71.3765, 41.8243], [-71.3764, 41.8245], [-71.3763, 
  41.8245], [-71.3763, 41.8246], [-71.3762, 41.8247], [-71.3764, 
  41.8249], [-71.3766, 41.825], [-71.3767, 41.825], [-71.3769, 
  41.8251], [-71.3769, 41.8251], [-71.3771, 41.8252], [-71.3773, 
  41.8253], [-71.3774, 41.8254], [-71.3776, 41.8255], [-71.3777, 
  41.8256], [-71.3779, 41.8257], [-71.3779, 41.8257], [-71.3778, 
  41.8258], [-71.3777, 41.826], [-71.3777, 41.8261], [-71.3777, 
  41.8261], [-71.3777, 41.8262], [-71.3775, 41.8263], [-71.3774, 
  41.8264], [-71.3772, 41.8266], [-71.3772, 41.8266], [-71.377, 
  41.8268], [-71.3769, 41.8268], [-71.3769, 41.8268], [-71.3767, 
  41.8269], [-71.3766, 41.8269], [-71.3764, 41.827], [-71.3761, 
  41.8271], [-71.3761, 41.8272], [-71.3758, 41.8273], [-71.3758, 
  41.8273], [-71.3756, 41.8274], [-71.3756, 41.8274], [-71.3756, 
  41.8275], [-71.3755, 41.8276], [-71.3754, 41.8278], [-71.3753, 
  41.8278], [-71.3752, 41.828], [-71.3752, 41.828], [-71.3752, 
  41.8282], [-71.3752, 41.8283], [-71.3753, 41.8285], [-71.3753, 
  41.8286], [-71.3755, 41.8287], [-71.3756, 41.8288], [-71.3758, 
  41.8289], [-71.3759, 41.8289], [-71.3761, 41.829], [-71.3762, 
  41.829], [-71.3765, 41.829], [-71.3765, 41.8291], [-71.3768, 
  41.8291], [-71.377, 41.8291], [-71.3772, 41.8291], [-71.3774, 
  41.8291], [-71.3776, 41.8291], [-71.3778, 41.8292], [-71.3781, 
  41.8292], [-71.3784, 41.8292], [-71.3786, 41.8292], [-71.3787, 
  41.8292], [-71.379, 41.8292], [-71.3791, 41.8292], [-71.3793, 
  41.8292], [-71.3796, 41.8292], [-71.3796, 41.8292], [-71.3799, 
  41.8292], [-71.38, 41.8291], [-71.3801, 41.8291], [-71.3801, 
  41.8291], [-71.3804, 41.8291], [-71.3806, 41.829], [-71.3807, 
  41.8289], [-71.3808, 41.8289], [-71.3809, 41.8288], [-71.381, 
  41.8288], [-71.381, 41.8288], [-71.381, 41.8288], [-71.381, 
  41.8287], [-71.381, 41.8286], [-71.3811, 41.8285], [-71.3812, 
  41.8283], [-71.3812, 41.8282], [-71.3813, 41.828], [-71.3813, 
  41.8279], [-71.3814, 41.8278], [-71.3814, 41.8277], [-71.3814, 
  41.8277], [-71.3815, 41.8276], [-71.3815, 41.8276], [-71.3815, 
  41.8275], [-71.3816, 41.8273], [-71.3816, 41.8271], [-71.3816, 
  41.8271], [-71.3817, 41.827], [-71.3817, 41.8269], [-71.3818, 
  41.8269], [-71.3818, 41.8269], [-71.3819, 41.8269], [-71.382, 
  41.8269], [-71.3821, 41.8269], [-71.3822, 41.8269], [-71.3824, 
  41.8269], [-71.3826, 41.8269], [-71.3827, 41.8269], [-71.3829, 
  41.8269], [-71.383, 41.8268], [-71.3832, 41.8268], [-71.3833, 
  41.8268], [-71.3834, 41.8268], [-71.3834, 41.8267], [-71.3834, 
  41.8267], [-71.3834, 41.8266], [-71.3834, 41.8265], [-71.3834, 
  41.8264], [-71.3834, 41.8263], [-71.3834, 41.8262], [-71.3835, 
  41.8261], [-71.3837, 41.8259], [-71.3838, 41.8259], [-71.384, 
  41.8258], [-71.384, 41.8258], [-71.3842, 41.8257], [-71.3843, 
  41.8257], [-71.3844, 41.8255], [-71.3845, 41.8253], [-71.3845, 
  41.8253], [-71.3847, 41.8252], [-71.3848, 41.8251], [-71.385, 
  41.8251], [-71.3851, 41.8251], [-71.3852, 41.8251], [-71.3852, 
  41.8252], [-71.3854, 41.8252], [-71.3856, 41.8252], [-71.3858, 
  41.825], [-71.3859, 41.825], [-71.386, 41.8249], [-71.3862, 
  41.8248], [-71.3864, 41.8247], [-71.3865, 41.8246], [-71.3866, 
  41.8246], [-71.3867, 41.8245], [-71.3868, 41.8243], [-71.3868, 
  41.8242], [-71.387, 41.8241], [-71.3872, 41.824], [-71.3873, 
  41.8239], [-71.3875, 41.8238], [-71.3875, 41.8238], [-71.3877, 
  41.8236], [-71.3879, 41.8234], [-71.3879, 41.8234], [-71.388, 
  41.8232], [-71.3881, 41.8231], [-71.3882, 41.823], [-71.3883, 
  41.8229], [-71.3884, 41.8227], [-71.3885, 41.8226], [-71.3886, 
  41.8224], [-71.3886, 41.8223], [-71.3888, 41.8221], [-71.3888, 
  41.8219], [-71.3889, 41.8218], [-71.3889, 41.8216], [-71.3889, 
  41.8215], [-71.389, 41.8213], [-71.389, 41.8213], [-71.3891, 
  41.8212], [-71.3893, 41.8212], [-71.3894, 41.8212], [-71.3896, 
  41.8212], [-71.3896, 41.8211], [-71.3896, 41.8209], [-71.3896, 
  41.8209], [-71.3895, 41.8207], [-71.3895, 41.8206], [-71.3895, 
  41.8204], [-71.3895, 41.8204], [-71.3894, 41.8202], [-71.3894, 
  41.8202], [-71.3893, 41.82], [-71.3893, 41.8199], [-71.3892, 
  41.8199], [-71.3889, 41.8197], [-71.3889, 41.8197], [-71.3889, 
  41.8195], [-71.3889, 41.8194], [-71.3889, 41.8193], [-71.3889, 
  41.8192], [-71.3889, 41.8191], [-71.3889, 41.819], [-71.3889, 
  41.8189], [-71.389, 41.8187], [-71.389, 41.8187], [-71.3891, 
  41.8185], [-71.3892, 41.8183], [-71.3892, 41.8182], [-71.3894, 
  41.818], [-71.3894, 41.818], [-71.3896, 41.8178], [-71.3897, 
  41.8177], [-71.3899, 41.8176], [-71.39, 41.8175], [-71.3902, 
  41.8174], [-71.3905, 41.8173], [-71.3908, 41.8174], [-71.391, 
  41.8174], [-71.3911, 41.8174], [-71.3913, 41.8176], [-71.3915, 
  41.8177], [-71.3916, 41.8178], [-71.3919, 41.8179], [-71.3919, 
  41.8179], [-71.3921, 41.818], [-71.3922, 41.818], [-71.3925, 
  41.8181], [-71.3925, 41.8181], [-71.3928, 41.8182], [-71.3928, 
  41.8182], [-71.3931, 41.8182], [-71.3931, 41.8182], [-71.3934, 
  41.8182], [-71.3935, 41.8182], [-71.3937, 41.8182], [-71.3938, 
  41.8182], [-71.3941, 41.8183], [-71.3941, 41.8183], [-71.3941, 
  41.8183], [-71.3941, 41.8183], [-71.3941, 41.8183], [-71.394, 
  41.8183], [-71.3937, 41.8183], [-71.3936, 41.8184], [-71.3936, 
  41.8184], [-71.3937, 41.8184], [-71.3939, 41.8184], [-71.394, 
  41.8184], [-71.394, 41.8184], [-71.394, 41.8185], [-71.394, 
  41.8185], [-71.3939, 41.8185], [-71.3938, 41.8185], [-71.3938, 
  41.8185], [-71.3939, 41.8186], [-71.3939, 41.8187], [-71.394, 
  41.8188], [-71.394, 41.8189], [-71.3941, 41.8191], [-71.3941, 
  41.8191], [-71.3942, 41.8193], [-71.3942, 41.8193], [-71.3944, 
  41.8195], [-71.3944, 41.8196], [-71.3944, 41.8196], [-71.3945, 
  41.8196], [-71.3947, 41.8195], [-71.3949, 41.8194], [-71.3951, 
  41.8194], [-71.3953, 41.8194], [-71.3953, 41.8194], [-71.3955, 
  41.8194], [-71.3956, 41.8193], [-71.3959, 41.8193], [-71.396, 
  41.8193], [-71.3961, 41.8192], [-71.3962, 41.8192], [-71.3964, 
  41.8192], [-71.3965, 41.8192], [-71.3968, 41.8192], [-71.3968, 
  41.8192], [-71.3968, 41.8192], [-71.3968, 41.8192], [-71.3969, 
  41.8193], [-71.397, 41.8195], [-71.397, 41.8196], [-71.3971, 
  41.8196], [-71.3972, 41.8196]]