[[-71.3971, 41.8194], [-71.397, 41.8195], [-71.397, 
  41.8195], [-71.3969, 41.8196], [-71.3968, 41.8196], [-71.3967, 
  41.8196], [-71.3967, 41.8196], [-71.3966, 41.8196], [-71.3964, 
  41.8196], [-71.3964, 41.8196], [-71.3962, 41.8197], [-71.3962, 
  41.8197], [-71.3959, 41.8197], [-71.3958, 41.8197], [-71.3955, 
  41.8199], [-71.3955, 41.8199], [-71.3955, 41.8199], [-71.3955, 
  41.8199], [-71.3955, 41.82], [-71.3955, 41.82], [-71.3956, 
  41.8201], [-71.3956, 41.8202], [-71.3956, 41.8203], [-71.3956, 
  41.8204], [-71.3956, 41.8204], [-71.3957, 41.8205], [-71.3959, 
  41.8207], [-71.3959, 41.8207], [-71.396, 41.8209], [-71.3961, 
  41.821], [-71.3961, 41.8212], [-71.3963, 41.8213], [-71.3964, 
  41.8215], [-71.3965, 41.8217], [-71.3965, 41.8217], [-71.3965, 
  41.8219], [-71.3967, 41.8221], [-71.3967, 41.8221], [-71.3968, 
  41.8222], [-71.3968, 41.8223], [-71.3969, 41.8224], [-71.3969, 
  41.8225], [-71.3969, 41.8226], [-71.3969, 41.8227], [-71.397, 
  41.8229], [-71.397, 41.8231], [-71.397, 41.8231], [-71.397, 
  41.8231], [-71.3971, 41.8233], [-71.3971, 41.8235], [-71.3972, 
  41.8236], [-71.3972, 41.8238], [-71.3973, 41.824], [-71.3973, 
  41.824], [-71.3973, 41.8242], [-71.3973, 41.8243], [-71.3974, 
  41.8244], [-71.3973, 41.8246], [-71.3973, 41.8246], [-71.3974, 
  41.8248], [-71.3974, 41.8249], [-71.3974, 41.8251], [-71.3974, 
  41.8252], [-71.3974, 41.8254], [-71.3974, 41.8256], [-71.3974, 
  41.8257], [-71.3974, 41.8259], [-71.3974, 41.8259], [-71.3974, 
  41.8261], [-71.3974, 41.8262], [-71.3974, 41.8264], [-71.3974, 
  41.8264], [-71.3974, 41.8265], [-71.3975, 41.8267], [-71.3975, 
  41.8268], [-71.3974, 41.827], [-71.3974, 41.827], [-71.3974, 
  41.8272], [-71.3974, 41.8273], [-71.3975, 41.8275], [-71.3974, 
  41.8277], [-71.3974, 41.8277], [-71.3975, 41.8279], [-71.3975, 
  41.828], [-71.3976, 41.8282], [-71.3976, 41.8282], [-71.3976, 
  41.8284], [-71.3976, 41.8284], [-71.3976, 41.8285], [-71.3977, 
  41.8286], [-71.3977, 41.8286], [-71.3977, 41.8287], [-71.3978, 
  41.8288], [-71.3978, 41.8288], [-71.3978, 41.8288], [-71.3978, 
  41.8288], [-71.3978, 41.8288], [-71.3978, 41.8288], [-71.3979, 
  41.8288], [-71.3979, 41.8289], [-71.398, 41.8291], [-71.3982, 
  41.8293], [-71.3983, 41.8295], [-71.3984, 41.8297], [-71.3985, 
  41.8297], [-71.3986, 41.8299], [-71.3987, 41.83], [-71.3987, 
  41.8301], [-71.3987, 41.8302], [-71.3987, 41.8302], [-71.3985, 
  41.8303], [-71.3984, 41.8304], [-71.3984, 41.8304], [-71.3985, 
  41.8306], [-71.3985, 41.8306], [-71.3985, 41.8307], [-71.3985, 
  41.8307], [-71.3986, 41.8308], [-71.3986, 41.8308], [-71.3986, 
  41.8308], [-71.3986, 41.8309], [-71.3987, 41.831], [-71.3987, 
  41.831], [-71.3987, 41.831], [-71.3988, 41.831], [-71.3989, 
  41.831], [-71.3991, 41.831], [-71.3993, 41.8311], [-71.3994, 
  41.8312], [-71.3994, 41.8312], [-71.3996, 41.8314], [-71.3996, 
  41.8314], [-71.3996, 41.8315], [-71.3996, 41.8315], [-71.3996, 
  41.8316], [-71.3995, 41.8316], [-71.3993, 41.8317], [-71.3992, 
  41.8317], [-71.3991, 41.8318], [-71.399, 41.8318], [-71.3988, 
  41.8319], [-71.3988, 41.8319], [-71.3987, 41.8319], [-71.3986, 
  41.832], [-71.3984, 41.832], [-71.3983, 41.8321], [-71.3982, 
  41.8321], [-71.3981, 41.8321], [-71.398, 41.8322], [-71.3978, 
  41.8322], [-71.3976, 41.8323], [-71.3974, 41.8324], [-71.3972, 
  41.8325], [-71.397, 41.8326], [-71.3969, 41.8326], [-71.3968, 
  41.8327], [-71.3966, 41.8327], [-71.3964, 41.8328], [-71.3963, 
  41.8329], [-71.3961, 41.833], [-71.3961, 41.833], [-71.3959, 
  41.8331], [-71.3958, 41.8331], [-71.3956, 41.8332], [-71.3954, 
  41.8333], [-71.3952, 41.8333], [-71.395, 41.8334], [-71.3949, 
  41.8334], [-71.3947, 41.8335], [-71.3944, 41.8335], [-71.3943, 
  41.8335], [-71.3941, 41.8335], [-71.3939, 41.8336], [-71.3937, 
  41.8336], [-71.3934, 41.8337], [-71.3934, 41.8337], [-71.3931, 
  41.8337], [-71.3929, 41.8338], [-71.3928, 41.8338], [-71.3925, 
  41.8339], [-71.3924, 41.8339], [-71.3922, 41.8339], [-71.3921, 
  41.8339], [-71.3919, 41.834], [-71.3918, 41.834], [-71.3916, 
  41.8341], [-71.3915, 41.8341], [-71.3913, 41.8341], [-71.391, 
  41.8342], [-71.3908, 41.8342], [-71.3907, 41.8342], [-71.3904, 
  41.8343], [-71.3904, 41.8343], [-71.3902, 41.8343], [-71.3901, 
  41.8343], [-71.3899, 41.8344], [-71.3898, 41.8344], [-71.3896, 
  41.8344], [-71.3895, 41.8344], [-71.3894, 41.8345], [-71.3891, 
  41.8345], [-71.3891, 41.8345], [-71.3889, 41.8345], [-71.3887, 
  41.8346], [-71.3884, 41.8346], [-71.3884, 41.8346], [-71.3882, 
  41.8347], [-71.3881, 41.8347], [-71.3879, 41.8347], [-71.3876, 
  41.8348], [-71.3875, 41.8348], [-71.3873, 41.8348], [-71.3872, 
  41.8348], [-71.387, 41.8349], [-71.3869, 41.8349], [-71.3867, 
  41.8349], [-71.3865, 41.835], [-71.3864, 41.835], [-71.3861, 
  41.835], [-71.3859, 41.8351], [-71.3858, 41.8351], [-71.3857, 
  41.8352], [-71.3855, 41.8352], [-71.3852, 41.8352], [-71.385, 
  41.8353], [-71.3848, 41.8353], [-71.3848, 41.8353], [-71.3846, 
  41.8354], [-71.3845, 41.8355], [-71.3845, 41.8357], [-71.3845, 
  41.8357], [-71.3845, 41.8358], [-71.3846, 41.836], [-71.3847, 
  41.8362], [-71.3847, 41.8362], [-71.3847, 41.8364], [-71.3848, 
  41.8365], [-71.3848, 41.8366], [-71.3848, 41.8366], [-71.3848, 
  41.8367], [-71.3849, 41.8369], [-71.3849, 41.8369], [-71.3849, 
  41.8371], [-71.3849, 41.8371], [-71.3849, 41.8372], [-71.385, 
  41.8374], [-71.385, 41.8375], [-71.3851, 41.8377], [-71.3851, 
  41.8378], [-71.3851, 41.8379], [-71.3852, 41.8381], [-71.3852, 
  41.8381], [-71.3852, 41.8382], [-71.3853, 41.8384], [-71.3854, 
  41.8386], [-71.3854, 41.8387], [-71.3854, 41.8387], [-71.3854, 
  41.8389], [-71.3854, 41.8389], [-71.3855, 41.8391], [-71.3855, 
  41.8392], [-71.3856, 41.8394], [-71.3857, 41.8396], [-71.3857, 
  41.8398], [-71.3857, 41.8398], [-71.3857, 41.84], [-71.3857, 
  41.8401], [-71.3858, 41.8403], [-71.3858, 41.8404], [-71.3859, 
  41.8406], [-71.3859, 41.8408], [-71.3859, 41.8409], [-71.386, 
  41.841], [-71.386, 41.8411], [-71.386, 41.8413], [-71.3861, 
  41.8414], [-71.3861, 41.8415], [-71.3861, 41.8415], [-71.3861, 
  41.8416], [-71.3861, 41.8417], [-71.3862, 41.8418], [-71.3862, 
  41.8419], [-71.3862, 41.8421], [-71.3862, 41.8421], [-71.3862, 
  41.8421], [-71.3862, 41.8422], [-71.3863, 41.8423], [-71.3863, 
  41.8424], [-71.3863, 41.8425], [-71.3863, 41.8426], [-71.3864, 
  41.8428], [-71.3864, 41.8429], [-71.3864, 41.8431], [-71.3865, 
  41.8432], [-71.3865, 41.8434], [-71.3865, 41.8434], [-71.3865, 
  41.8436], [-71.3866, 41.8437], [-71.3866, 41.8439], [-71.3866, 
  41.8439], [-71.3867, 41.8441], [-71.3867, 41.8442], [-71.3868, 
  41.8444], [-71.3868, 41.8444], [-71.3868, 41.8446], [-71.3869, 
  41.8447], [-71.3869, 41.8449], [-71.3869, 41.8451], [-71.3869, 
  41.8452], [-71.387, 41.8454], [-71.387, 41.8455], [-71.387, 
  41.8457], [-71.387, 41.8458], [-71.387, 41.846], [-71.3871, 
  41.8461], [-71.3871, 41.8462], [-71.3871, 41.8464], [-71.3871, 
  41.8465], [-71.3871, 41.8467], [-71.3871, 41.8468], [-71.3871, 
  41.8469], [-71.3872, 41.8471], [-71.3872, 41.8473], [-71.3872, 
  41.8474], [-71.3872, 41.8475], [-71.3872, 41.8476], [-71.3871, 
  41.8478], [-71.3871, 41.8478], [-71.3872, 41.848], [-71.3871, 
  41.848], [-71.3872, 41.8482], [-71.3872, 41.8483], [-71.3871, 
  41.8485], [-71.3871, 41.8486], [-71.3871, 41.8488], [-71.3871, 
  41.849], [-71.3871, 41.8491], [-71.3872, 41.8493], [-71.3872, 
  41.8494], [-71.3872, 41.8496], [-71.3872, 41.8498], [-71.3872, 
  41.8498], [-71.3872, 41.85], [-71.3872, 41.85], [-71.3872, 
  41.8502], [-71.3872, 41.8503], [-71.3872, 41.8505], [-71.3873, 
  41.8505], [-71.3872, 41.8507], [-71.3873, 41.8507], [-71.3872, 
  41.8508], [-71.3872, 41.8508], [-71.3872, 41.8506], [-71.3872, 
  41.8506], [-71.3871, 41.8504], [-71.3871, 41.8502], [-71.3871, 
  41.8501], [-71.387, 41.8499], [-71.387, 41.8498], [-71.3871, 
  41.8497], [-71.3871, 41.8495], [-71.3871, 41.8493], [-71.3871, 
  41.8491], [-71.387, 41.849], [-71.387, 41.8488], [-71.387, 
  41.8488], [-71.387, 41.8485], [-71.387, 41.8485], [-71.387, 
  41.8483], [-71.387, 41.8481], [-71.387, 41.8481], [-71.387, 
  41.8479], [-71.387, 41.8478], [-71.387, 41.8476], [-71.3871, 
  41.8474], [-71.3871, 41.8474], [-71.387, 41.8472], [-71.387, 
  41.847], [-71.387, 41.8469], [-71.387, 41.8466], [-71.387, 
  41.8466], [-71.3869, 41.8464], [-71.3869, 41.8462], [-71.3869, 
  41.8462], [-71.3869, 41.846], [-71.3869, 41.8459], [-71.3869, 
  41.8458], [-71.3868, 41.8456], [-71.3868, 41.8455], [-71.3868, 
  41.8454], [-71.3868, 41.8453], [-71.3868, 41.8451], [-71.3868, 
  41.8451], [-71.3867, 41.8449], [-71.3867, 41.8449], [-71.3867, 
  41.8447], [-71.3867, 41.8447], [-71.3867, 41.8446], [-71.3867, 
  41.8444], [-71.3867, 41.8443], [-71.3866, 41.8441], [-71.3865, 
  41.844], [-71.3865, 41.8438], [-71.3865, 41.8437], [-71.3864, 
  41.8436], [-71.3864, 41.8435], [-71.3864, 41.8433], [-71.3864, 
  41.8433], [-71.3863, 41.8431], [-71.3863, 41.843], [-71.3863, 
  41.8429], [-71.3863, 41.8428], [-71.3862, 41.8427], [-71.3862, 
  41.8425], [-71.3861, 41.8423], [-71.3861, 41.8423], [-71.3861, 
  41.8421], [-71.3861, 41.842], [-71.3861, 41.8419], [-71.3861, 
  41.8418], [-71.386, 41.8416], [-71.386, 41.8415], [-71.386, 
  41.8414], [-71.3859, 41.8412], [-71.3859, 41.841], [-71.3858, 
  41.8408], [-71.3858, 41.8408], [-71.3858, 41.8407], [-71.3858, 
  41.8406], [-71.3857, 41.8404], [-71.3857, 41.8404], [-71.3857, 
  41.8402], [-71.3857, 41.8401], [-71.3856, 41.8399], [-71.3857, 
  41.8398], [-71.3856, 41.8396], [-71.3856, 41.8396], [-71.3855, 
  41.8394], [-71.3854, 41.8392], [-71.3854, 41.8392], [-71.3853, 
  41.839], [-71.3853, 41.8389], [-71.3853, 41.8388], [-71.3853, 
  41.8387], [-71.3853, 41.8386], [-71.3852, 41.8384], [-71.3852, 
  41.8382], [-71.3852, 41.8382], [-71.3851, 41.838], [-71.385, 
  41.838], [-71.385, 41.8378], [-71.385, 41.8376], [-71.385, 
  41.8376], [-71.3849, 41.8374], [-71.3849, 41.8373], [-71.3849, 
  41.8371], [-71.3848, 41.837], [-71.3848, 41.8368], [-71.3848, 
  41.8367], [-71.3847, 41.8365], [-71.3847, 41.8364], [-71.3847, 
  41.8364], [-71.3846, 41.8362], [-71.3846, 41.8361], [-71.3845, 
  41.8359], [-71.3845, 41.8358], [-71.3844, 41.8356], [-71.3845, 
  41.8354], [-71.3845, 41.8354], [-71.3848, 41.8353], [-71.3848, 
  41.8353], [-71.3851, 41.8352], [-71.3854, 41.8352], [-71.3855, 
  41.8352], [-71.3856, 41.8351], [-71.3859, 41.8351], [-71.3859, 
  41.8351], [-71.3861, 41.835], [-71.3864, 41.835], [-71.3865, 
  41.835], [-71.3868, 41.8349], [-71.3868, 41.8349], [-71.3871, 
  41.8349], [-71.3872, 41.8348], [-71.3875, 41.8348], [-71.3875, 
  41.8348], [-71.3878, 41.8347], [-71.3878, 41.8347], [-71.3881, 
  41.8347], [-71.3881, 41.8346], [-71.3884, 41.8346], [-71.3884, 
  41.8346], [-71.3887, 41.8345], [-71.3888, 41.8345], [-71.389, 
  41.8345], [-71.3892, 41.8345], [-71.3894, 41.8344], [-71.3896, 
  41.8344], [-71.3898, 41.8343], [-71.39, 41.8343], [-71.3902, 
  41.8342], [-71.3903, 41.8342], [-71.3905, 41.8342], [-71.3906, 
  41.8342], [-71.3909, 41.8341], [-71.3909, 41.8341], [-71.3912, 
  41.8341], [-71.3912, 41.8341], [-71.3915, 41.834], [-71.3917, 
  41.834], [-71.3918, 41.834], [-71.392, 41.8339], [-71.3922, 
  41.8339], [-71.3924, 41.8338], [-71.3926, 41.8338], [-71.3927, 
  41.8338], [-71.3929, 41.8337], [-71.3929, 41.8337], [-71.3931, 
  41.8337], [-71.3934, 41.8336], [-71.3936, 41.8336], [-71.3939, 
  41.8335], [-71.394, 41.8335], [-71.3942, 41.8335], [-71.3945, 
  41.8334], [-71.3945, 41.8334], [-71.3947, 41.8334], [-71.3949, 
  41.8333], [-71.3951, 41.8333], [-71.3954, 41.8332], [-71.3954, 
  41.8332], [-71.3957, 41.8332], [-71.3957, 41.8331], [-71.3959, 
  41.833], [-71.396, 41.833], [-71.3962, 41.8329], [-71.3962, 
  41.8329], [-71.3964, 41.8328], [-71.3966, 41.8327], [-71.3966, 
  41.8326], [-71.3969, 41.8325], [-71.3969, 41.8325], [-71.397, 
  41.8324], [-71.3972, 41.8323], [-71.3975, 41.8323], [-71.3975, 
  41.8323], [-71.3977, 41.8322], [-71.3978, 41.8322], [-71.398, 
  41.8321], [-71.3982, 41.832], [-71.3983, 41.832], [-71.3985, 
  41.8319], [-71.3985, 41.8319], [-71.3988, 41.8318], [-71.399, 
  41.8317], [-71.3991, 41.8317], [-71.3993, 41.8316], [-71.3995, 
  41.8316], [-71.3996, 41.8315], [-71.3996, 41.8315], [-71.3995, 
  41.8314], [-71.3995, 41.8313], [-71.3993, 41.8311], [-71.3993, 
  41.8311], [-71.3991, 41.831], [-71.3991, 41.831], [-71.3991, 
  41.831], [-71.3988, 41.831], [-71.3988, 41.831], [-71.3987, 
  41.831], [-71.3986, 41.831], [-71.3985, 41.8308], [-71.3985, 
  41.8307], [-71.3985, 41.8305], [-71.3985, 41.8305], [-71.3985, 
  41.8305], [-71.3985, 41.8305], [-71.3985, 41.8304], [-71.3985, 
  41.8303], [-71.3986, 41.8303], [-71.3986, 41.8303], [-71.3987, 
  41.8302], [-71.3987, 41.8302], [-71.3987, 41.8301], [-71.3987, 
  41.8301], [-71.3987, 41.8301], [-71.3987, 41.83], [-71.3987, 
  41.83], [-71.3986, 41.8299], [-71.3985, 41.8299], [-71.3985, 
  41.8298], [-71.3984, 41.8297], [-71.3984, 41.8297], [-71.3984, 
  41.8296], [-71.3982, 41.8294], [-71.3982, 41.8294], [-71.3982, 
  41.8293], [-71.398, 41.8291], [-71.398, 41.8291], [-71.3979, 
  41.829], [-71.3979, 41.8289], [-71.3977, 41.8288], [-71.3977, 
  41.8288], [-71.3975, 41.8286], [-71.3975, 41.8286], [-71.3975, 
  41.8284], [-71.3974, 41.8283], [-71.3974, 41.8281], [-71.3974, 
  41.8281], [-71.3974, 41.828], [-71.3974, 41.8279], [-71.3974, 
  41.8278], [-71.3973, 41.8278], [-71.3973, 41.8276], [-71.3973, 
  41.8275], [-71.3973, 41.8274], [-71.3973, 41.8273], [-71.3973, 
  41.8271], [-71.3973, 41.8271], [-71.3973, 41.8269], [-71.3973, 
  41.8269], [-71.3973, 41.8266], [-71.3973, 41.8265], [-71.3973, 
  41.8264], [-71.3973, 41.8262], [-71.3973, 41.8261], [-71.3973, 
  41.8259], [-71.3973, 41.8258], [-71.3973, 41.8256], [-71.3973, 
  41.8255], [-71.3973, 41.8253], [-71.3973, 41.8252], [-71.3972, 
  41.825], [-71.3972, 41.8249], [-71.3972, 41.8247], [-71.3972, 
  41.8247], [-71.3972, 41.8244], [-71.3972, 41.8243], [-71.3972, 
  41.8241], [-71.3972, 41.8241], [-71.3972, 41.8239], [-71.3972, 
  41.8237], [-71.3971, 41.8236], [-71.3971, 41.8234], [-71.397, 
  41.8233], [-71.397, 41.8232], [-71.397, 41.823], [-71.3969, 
  41.8228], [-71.3969, 41.8228], [-71.3968, 41.8226], [-71.3968, 
  41.8225], [-71.3967, 41.8223], [-71.3967, 41.8222], [-71.3966, 
  41.8221], [-71.3966, 41.822], [-71.3965, 41.8218], [-71.3964, 
  41.8216], [-71.3964, 41.8216], [-71.3963, 41.8214], [-71.3962, 
  41.8213], [-71.3961, 41.8211], [-71.3961, 41.8211], [-71.396, 
  41.8209], [-71.3959, 41.8207], [-71.3959, 41.8207], [-71.3959, 
  41.8207], [-71.3958, 41.8206], [-71.3957, 41.8204], [-71.3956, 
  41.8203], [-71.3956, 41.8202], [-71.3954, 41.82], [-71.3954, 
  41.8199], [-71.3954, 41.8198], [-71.3955, 41.8198], [-71.3958, 
  41.8197], [-71.396, 41.8197], [-71.3961, 41.8197], [-71.3961, 
  41.8196], [-71.3964, 41.8196], [-71.3967, 41.8196], [-71.3967, 
  41.8196], [-71.3969, 41.8195], [-71.397, 41.8195], [-71.3972, 
  41.8195]]