[[-71.3972, 41.8195], [-71.3972, 41.8195], [-71.3973, 
  41.8196], [-71.3972, 41.8196], [-71.3972, 41.8196], [-71.3972, 
  41.8196], [-71.3971, 41.8197], [-71.3971, 41.8197], [-71.397, 
  41.8197], [-71.397, 41.8197], [-71.3969, 41.8197], [-71.3969, 
  41.8197], [-71.3968, 41.8197], [-71.3967, 41.8197], [-71.3966, 
  41.8197], [-71.3965, 41.8197], [-71.3963, 41.8197], [-71.3962, 
  41.8197], [-71.3959, 41.8198], [-71.3957, 41.8198], [-71.3955, 
  41.8199], [-71.3954, 41.82], [-71.3953, 41.82], [-71.3952, 
  41.82], [-71.395, 41.8201], [-71.3949, 41.8201], [-71.3947, 
  41.8202], [-71.3945, 41.8203], [-71.3943, 41.8203], [-71.3942, 
  41.8203], [-71.3939, 41.8203], [-71.3938, 41.8203], [-71.3937, 
  41.8203], [-71.3934, 41.8203], [-71.3932, 41.8203], [-71.393, 
  41.8203], [-71.3927, 41.8204], [-71.3926, 41.8204], [-71.3923, 
  41.8204], [-71.3922, 41.8204], [-71.392, 41.8204], [-71.392, 
  41.8205], [-71.3919, 41.8206], [-71.392, 41.8207], [-71.392, 
  41.8209], [-71.392, 41.821], [-71.3921, 41.8212], [-71.3921, 
  41.8212], [-71.3921, 41.8214], [-71.3921, 41.8215], [-71.3922, 
  41.8217], [-71.3922, 41.8218], [-71.3921, 41.8219], [-71.3922, 
  41.822], [-71.3922, 41.8221], [-71.3922, 41.8223], [-71.3923, 
  41.8224], [-71.3923, 41.8226], [-71.3923, 41.8227], [-71.3924, 
  41.8229], [-71.3924, 41.823], [-71.3924, 41.8232], [-71.3924, 
  41.8233], [-71.3924, 41.8234], [-71.3924, 41.8234], [-71.3925, 
  41.8235], [-71.3925, 41.8235], [-71.3925, 41.8236], [-71.3925, 
  41.8238], [-71.3925, 41.824], [-71.3925, 41.8241], [-71.3926, 
  41.8242], [-71.3926, 41.8243], [-71.3926, 41.8245], [-71.3926, 
  41.8245], [-71.3926, 41.8246], [-71.3927, 41.8248], [-71.3927, 
  41.825], [-71.3927, 41.8251], [-71.3927, 41.8253], [-71.3928, 
  41.8255], [-71.3928, 41.8257], [-71.3928, 41.8257], [-71.3928, 
  41.8259], [-71.3928, 41.826], [-71.3929, 41.8261], [-71.3929, 
  41.8262], [-71.3929, 41.8263], [-71.3929, 41.8264], [-71.3929, 
  41.8266], [-71.3929, 41.8266], [-71.393, 41.8266], [-71.393, 
  41.8268], [-71.393, 41.8269], [-71.393, 41.8271], [-71.393, 
  41.8273], [-71.3931, 41.8275], [-71.3931, 41.8275], [-71.3931, 
  41.8277], [-71.3931, 41.8279], [-71.3931, 41.8281], [-71.3932, 
  41.8282], [-71.3932, 41.8284], [-71.3932, 41.8284], [-71.3932, 
  41.8286], [-71.3933, 41.8288], [-71.3933, 41.8288], [-71.3933, 
  41.8289], [-71.3933, 41.829], [-71.3933, 41.8291], [-71.3932, 
  41.8292], [-71.3932, 41.8293], [-71.3932, 41.8293], [-71.393, 
  41.8293], [-71.3928, 41.8294], [-71.3927, 41.8294], [-71.3924, 
  41.8295], [-71.3922, 41.8295], [-71.3921, 41.8295], [-71.3919, 
  41.8296], [-71.3918, 41.8296], [-71.3917, 41.8296], [-71.3915, 
  41.8297], [-71.3914, 41.8297], [-71.3911, 41.8297], [-71.3911, 
  41.8297], [-71.3908, 41.8298], [-71.3905, 41.8299], [-71.3903, 
  41.8299], [-71.3902, 41.8299], [-71.3899, 41.83], [-71.3898, 
  41.83], [-71.3895, 41.83], [-71.3895, 41.83], [-71.3892, 
  41.8301], [-71.3891, 41.8301], [-71.3888, 41.8302], [-71.3886, 
  41.8302], [-71.3883, 41.8302], [-71.3883, 41.8302], [-71.3881, 
  41.8303], [-71.3881, 41.8304], [-71.3881, 41.8306], [-71.3881, 
  41.8306], [-71.3881, 41.8308], [-71.3882, 41.831], [-71.3882, 
  41.8311], [-71.3883, 41.8312], [-71.3884, 41.8314], [-71.3884, 
  41.8315], [-71.3885, 41.8317], [-71.3885, 41.8318], [-71.3886, 
  41.832], [-71.3886, 41.8321], [-71.3887, 41.8323], [-71.3887, 
  41.8324], [-71.3888, 41.8326], [-71.3888, 41.8327], [-71.3889, 
  41.8329], [-71.3889, 41.833], [-71.389, 41.8331], [-71.389, 
  41.8332], [-71.389, 41.8333], [-71.3891, 41.8334], [-71.3892, 
  41.8336], [-71.3892, 41.8337], [-71.3893, 41.8339], [-71.3893, 
  41.8339], [-71.3893, 41.8341], [-71.3893, 41.8342], [-71.3893, 
  41.8342], [-71.3894, 41.8343], [-71.3894, 41.8345], [-71.3894, 
  41.8345], [-71.3894, 41.8345], [-71.3896, 41.8346], [-71.3898, 
  41.8346], [-71.39, 41.8345], [-71.3902, 41.8345], [-71.3904, 
  41.8345], [-71.3905, 41.8345], [-71.3908, 41.8344], [-71.391, 
  41.8344], [-71.3911, 41.8343], [-71.3914, 41.8343], [-71.3915, 
  41.8343], [-71.3918, 41.8342], [-71.3918, 41.8342], [-71.3919, 
  41.8342], [-71.3921, 41.8342], [-71.3923, 41.8341], [-71.3924, 
  41.8341], [-71.3926, 41.8341], [-71.3927, 41.8341], [-71.3927, 
  41.834], [-71.393, 41.834], [-71.3931, 41.834], [-71.3934, 
  41.8339], [-71.3936, 41.8339], [-71.3937, 41.8339], [-71.3937, 
  41.8338], [-71.3939, 41.8338], [-71.394, 41.8338], [-71.3942, 
  41.8338], [-71.3943, 41.8337], [-71.3945, 41.8337], [-71.3946, 
  41.8337], [-71.3946, 41.8338], [-71.3947, 41.8339], [-71.3947, 
  41.834], [-71.3948, 41.834], [-71.3948, 41.8342], [-71.3948, 
  41.8342], [-71.3949, 41.8343], [-71.395, 41.8345], [-71.395, 
  41.8347], [-71.3952, 41.8348], [-71.3952, 41.8349], [-71.3953, 
  41.835], [-71.3954, 41.8352], [-71.3954, 41.8352], [-71.3955, 
  41.8354], [-71.3955, 41.8355], [-71.3956, 41.8356], [-71.3957, 
  41.8357], [-71.3958, 41.8359], [-71.3958, 41.8359], [-71.3959, 
  41.8361], [-71.3959, 41.8361], [-71.396, 41.8363], [-71.3961, 
  41.8364], [-71.3962, 41.8366], [-71.3963, 41.8367], [-71.3964, 
  41.8369], [-71.3964, 41.837], [-71.3965, 41.8372], [-71.3965, 
  41.8372], [-71.3967, 41.8372], [-71.397, 41.8372], [-71.397, 
  41.8372], [-71.3972, 41.8372], [-71.3975, 41.8372], [-71.3977, 
  41.8371], [-71.3978, 41.8371], [-71.398, 41.8371], [-71.398, 
  41.8371], [-71.398, 41.8369], [-71.398, 41.8367], [-71.398, 
  41.8366], [-71.398, 41.8364], [-71.398, 41.8364], [-71.3981, 
  41.8362], [-71.3983, 41.8361], [-71.3986, 41.8361], [-71.3988, 
  41.8361], [-71.3989, 41.8361], [-71.3991, 41.836], [-71.3991, 
  41.836], [-71.3992, 41.836], [-71.3995, 41.836], [-71.3996, 
  41.836], [-71.3998, 41.836], [-71.3998, 41.836], [-71.4001, 
  41.836], [-71.4001, 41.836], [-71.4004, 41.836], [-71.4005, 
  41.836], [-71.4006, 41.836], [-71.4008, 41.836], [-71.4009, 
  41.836], [-71.401, 41.836], [-71.4012, 41.836], [-71.4014, 
  41.836], [-71.4015, 41.836], [-71.4015, 41.836], [-71.4015, 
  41.836], [-71.4015, 41.8361], [-71.4014, 41.8363], [-71.4014, 
  41.8363], [-71.4013, 41.8365], [-71.4013, 41.8365], [-71.4012, 
  41.8367], [-71.4012, 41.8368], [-71.4011, 41.837], [-71.4011, 
  41.8371], [-71.401, 41.8372], [-71.4009, 41.8373], [-71.4009, 
  41.8374], [-71.4009, 41.8375], [-71.4008, 41.8376], [-71.4007, 
  41.8378], [-71.4007, 41.8378], [-71.4006, 41.8379], [-71.4006, 
  41.838], [-71.4006, 41.838], [-71.4007, 41.838], [-71.401, 
  41.8381], [-71.4012, 41.8381], [-71.4013, 41.8381], [-71.4015, 
  41.8381], [-71.4017, 41.8381], [-71.4018, 41.8381], [-71.402, 
  41.8381], [-71.4021, 41.8381], [-71.4024, 41.8381], [-71.4026, 
  41.8381], [-71.4029, 41.8381], [-71.4031, 41.8381], [-71.4032, 
  41.838], [-71.4032, 41.8379], [-71.4032, 41.8377], [-71.4032, 
  41.8376], [-71.4032, 41.8374], [-71.4034, 41.8372], [-71.4035, 
  41.8371], [-71.4035, 41.8369], [-71.4035, 41.8368], [-71.4036, 
  41.8367], [-71.4038, 41.8367], [-71.4041, 41.8367], [-71.4042, 
  41.8367], [-71.4045, 41.8367], [-71.4046, 41.8367], [-71.4048, 
  41.8367], [-71.405, 41.8366], [-71.405, 41.8366], [-71.4053, 
  41.8364], [-71.4055, 41.8363], [-71.4055, 41.8363], [-71.4056, 
  41.8361], [-71.4056, 41.8361], [-71.4056, 41.8359], [-71.4056, 
  41.8357], [-71.4056, 41.8357], [-71.4056, 41.8356], [-71.4056, 
  41.8356], [-71.4059, 41.8356], [-71.4059, 41.8356], [-71.4062, 
  41.8356], [-71.4062, 41.8356], [-71.4065, 41.8356], [-71.4066, 
  41.8355], [-71.4068, 41.8355], [-71.4068, 41.8355], [-71.407, 
  41.8355], [-71.4072, 41.8355], [-71.4074, 41.8354], [-71.4076, 
  41.8354], [-71.4078, 41.8354], [-71.4079, 41.8354], [-71.4081, 
  41.8353], [-71.4083, 41.8353], [-71.4083, 41.8353], [-71.4085, 
  41.8353], [-71.4084, 41.8351], [-71.4084, 41.8351], [-71.4084, 
  41.8349], [-71.4084, 41.8348], [-71.4084, 41.8347], [-71.4083, 
  41.8345], [-71.4083, 41.8344], [-71.4083, 41.8343], [-71.4083, 
  41.8342], [-71.4083, 41.834], [-71.4083, 41.8338], [-71.4083, 
  41.8338], [-71.4083, 41.8335], [-71.4083, 41.8335], [-71.4083, 
  41.8333], [-71.4083, 41.8332], [-71.4083, 41.8331], [-71.4083, 
  41.8329], [-71.4082, 41.8327], [-71.4082, 41.8326], [-71.4082, 
  41.8324], [-71.4082, 41.8324], [-71.4082, 41.8322], [-71.4082, 
  41.8321], [-71.4082, 41.832], [-71.4082, 41.832], [-71.4082, 
  41.8319], [-71.4081, 41.8317], [-71.4081, 41.8315], [-71.408, 
  41.8313], [-71.408, 41.8313], [-71.408, 41.8311], [-71.408, 
  41.8309], [-71.4079, 41.8307], [-71.4079, 41.8306], [-71.4079, 
  41.8304], [-71.4078, 41.8303], [-71.4078, 41.8303], [-71.4078, 
  41.8301], [-71.4078, 41.83], [-71.4077, 41.8299], [-71.4077, 
  41.8299], [-71.4077, 41.8298], [-71.4077, 41.8297], [-71.4077, 
  41.8296], [-71.4076, 41.8294], [-71.4076, 41.8293], [-71.4076, 
  41.8292], [-71.4075, 41.8292], [-71.4075, 41.8292], [-71.4075, 
  41.8291], [-71.4074, 41.8291], [-71.4073, 41.8291], [-71.4071, 
  41.829], [-71.407, 41.829], [-71.4069, 41.829], [-71.4069, 
  41.8291], [-71.4069, 41.8293], [-71.407, 41.8295], [-71.407, 
  41.8296], [-71.407, 41.8298], [-71.407, 41.83], [-71.407, 
  41.83], [-71.407, 41.83], [-71.407, 41.8301], [-71.4071, 
  41.8302], [-71.4071, 41.8303], [-71.4071, 41.8305], [-71.4071, 
  41.8306], [-71.4071, 41.8308], [-71.4071, 41.8308], [-71.4072, 
  41.831], [-71.4072, 41.8312], [-71.4072, 41.8314], [-71.4073, 
  41.8316], [-71.4073, 41.8316], [-71.4073, 41.8318], [-71.4073, 
  41.8319], [-71.4074, 41.832], [-71.4074, 41.8321], [-71.4074, 
  41.8323], [-71.4074, 41.8324], [-71.4075, 41.8326], [-71.4075, 
  41.8326], [-71.4075, 41.8328], [-71.4075, 41.8329], [-71.4075, 
  41.833], [-71.4075, 41.8331], [-71.4075, 41.8333], [-71.4075, 
  41.8334], [-71.4075, 41.8336], [-71.4075, 41.8336], [-71.4076, 
  41.8338], [-71.4076, 41.8338], [-71.4076, 41.834], [-71.4076, 
  41.8341], [-71.4076, 41.8343], [-71.4076, 41.8344], [-71.4076, 
  41.8345], [-71.4075, 41.8347], [-71.4075, 41.8348], [-71.4074, 
  41.8349], [-71.4072, 41.8349], [-71.407, 41.8349], [-71.4068, 
  41.835], [-71.4065, 41.8349], [-71.4063, 41.8349], [-71.4062, 
  41.8349], [-71.406, 41.8349], [-71.4058, 41.8349], [-71.4056, 
  41.8349], [-71.4054, 41.8349], [-71.4053, 41.8351], [-71.4054, 
  41.8352], [-71.4054, 41.8353], [-71.4054, 41.8355], [-71.4053, 
  41.8356], [-71.4053, 41.8356], [-71.4053, 41.8356], [-71.4051, 
  41.8356], [-71.4049, 41.8356], [-71.4048, 41.8356], [-71.4046, 
  41.8357], [-71.4043, 41.8357], [-71.4043, 41.8357], [-71.404, 
  41.8356], [-71.404, 41.8356], [-71.4037, 41.8357], [-71.4035, 
  41.8357], [-71.4034, 41.8357], [-71.4032, 41.8357], [-71.403, 
  41.8357], [-71.4028, 41.8357], [-71.4027, 41.8357], [-71.4025, 
  41.8357], [-71.4022, 41.8357], [-71.4019, 41.8357], [-71.4018, 
  41.8357], [-71.4017, 41.8356], [-71.4016, 41.8356], [-71.4016, 
  41.8355], [-71.4016, 41.8353], [-71.4016, 41.8351], [-71.4016, 
  41.8349], [-71.4015, 41.8348], [-71.4015, 41.8346], [-71.4015, 
  41.8344], [-71.4013, 41.8343], [-71.4013, 41.8342], [-71.4013, 
  41.834], [-71.4012, 41.8338], [-71.4012, 41.8336], [-71.4012, 
  41.8335], [-71.4012, 41.8334], [-71.4011, 41.8333], [-71.401, 
  41.8331], [-71.4009, 41.833], [-71.4008, 41.8329], [-71.4007, 
  41.8328], [-71.4007, 41.8328], [-71.4006, 41.8327], [-71.4005, 
  41.8326], [-71.4005, 41.8325], [-71.4003, 41.8324], [-71.4003, 
  41.8323], [-71.4001, 41.8321], [-71.4001, 41.8321], [-71.3999, 
  41.8319], [-71.3999, 41.8319], [-71.3998, 41.8317], [-71.3997, 
  41.8317], [-71.3995, 41.8317], [-71.3993, 41.8318], [-71.3992, 
  41.8318], [-71.3991, 41.8318], [-71.399, 41.8319], [-71.3988, 
  41.832], [-71.3987, 41.832], [-71.3985, 41.8321], [-71.3984, 
  41.8321], [-71.3982, 41.8322], [-71.398, 41.8322], [-71.3978, 
  41.8323], [-71.3975, 41.8324], [-71.3973, 41.8325], [-71.3973, 
  41.8325], [-71.3972, 41.8325], [-71.3969, 41.8326], [-71.3968, 
  41.8327], [-71.3967, 41.8328], [-71.3965, 41.8329], [-71.3963, 
  41.833], [-71.3961, 41.8331], [-71.3959, 41.8333], [-71.3956, 
  41.8333], [-71.3954, 41.8334], [-71.3953, 41.8334], [-71.3951, 
  41.8333], [-71.395, 41.8333], [-71.3948, 41.8334], [-71.3947, 
  41.8334], [-71.3944, 41.8334], [-71.3944, 41.8334], [-71.3943, 
  41.8334], [-71.3942, 41.8334], [-71.3941, 41.8332], [-71.3941, 
  41.8332], [-71.394, 41.833], [-71.3939, 41.8329], [-71.3938, 
  41.8328], [-71.3937, 41.8326], [-71.3937, 41.8326], [-71.3936, 
  41.8325], [-71.3935, 41.8323], [-71.3934, 41.8321], [-71.3934, 
  41.832], [-71.3933, 41.8319], [-71.3932, 41.8318], [-71.3931, 
  41.8316], [-71.3931, 41.8316], [-71.393, 41.8314], [-71.3929, 
  41.8312], [-71.3929, 41.8311], [-71.3927, 41.8309], [-71.3927, 
  41.8308], [-71.3926, 41.8306], [-71.3925, 41.8305], [-71.3924, 
  41.8303], [-71.3924, 41.8302], [-71.3924, 41.83], [-71.3924, 
  41.8299], [-71.3923, 41.8297], [-71.3923, 41.8297], [-71.3923, 
  41.8295], [-71.3924, 41.8294], [-71.3925, 41.8293], [-71.3926, 
  41.8293], [-71.3928, 41.8293], [-71.3928, 41.8293], [-71.3931, 
  41.8292], [-71.3931, 41.8292], [-71.3933, 41.8292], [-71.3934, 
  41.8292], [-71.3935, 41.8292], [-71.3935, 41.8292], [-71.3936, 
  41.8292], [-71.3938, 41.8291], [-71.3939, 41.8291], [-71.3941, 
  41.8291], [-71.3942, 41.8291], [-71.3944, 41.829], [-71.3945, 
  41.829], [-71.3948, 41.829], [-71.3948, 41.8289], [-71.395, 
  41.8289], [-71.3952, 41.8289], [-71.3953, 41.8289], [-71.3954, 
  41.8289], [-71.3956, 41.8288], [-71.3958, 41.8288], [-71.396, 
  41.8288], [-71.3962, 41.8287], [-71.3963, 41.8287], [-71.3965, 
  41.8287], [-71.3968, 41.8286], [-71.3968, 41.8285], [-71.397, 
  41.8285], [-71.397, 41.8285], [-71.3972, 41.8285], [-71.3974, 
  41.8284], [-71.3974, 41.8284], [-71.3974, 41.8284], [-71.3974, 
  41.8283], [-71.3973, 41.8281], [-71.3973, 41.8281], [-71.3972, 
  41.8279], [-71.3972, 41.8278], [-71.3972, 41.8276], [-71.3972, 
  41.8275], [-71.3972, 41.8274], [-71.3972, 41.8273], [-71.3972, 
  41.8271], [-71.3972, 41.827], [-71.3972, 41.8268], [-71.3972, 
  41.8267], [-71.3972, 41.8267], [-71.3973, 41.8266], [-71.3973, 
  41.8265], [-71.3973, 41.8264], [-71.3973, 41.8262], [-71.3973, 
  41.8262], [-71.3973, 41.826], [-71.3973, 41.8258], [-71.3973, 
  41.8256], [-71.3973, 41.8255], [-71.3973, 41.8253], [-71.3973, 
  41.8252], [-71.3973, 41.825], [-71.3973, 41.8248], [-71.3973, 
  41.8248], [-71.3973, 41.8246], [-71.3973, 41.8245], [-71.3972, 
  41.8244], [-71.3972, 41.8243], [-71.3972, 41.8241], [-71.3972, 
  41.824], [-71.3972, 41.8238], [-71.3972, 41.8238], [-71.3971, 
  41.8236], [-71.3971, 41.8235], [-71.3971, 41.8233], [-71.3971, 
  41.8232], [-71.397, 41.823], [-71.397, 41.8229], [-71.3969, 
  41.8228], [-71.3969, 41.8226], [-71.3968, 41.8225], [-71.3968, 
  41.8224], [-71.3968, 41.8222], [-71.3967, 41.8221], [-71.3966, 
  41.822], [-71.3966, 41.8219], [-71.3965, 41.8217], [-71.3965, 
  41.8216], [-71.3963, 41.8215], [-71.3962, 41.8213], [-71.3961, 
  41.8211], [-71.396, 41.8209], [-71.396, 41.8209], [-71.3959, 
  41.8207], [-71.3959, 41.8206], [-71.3957, 41.8204], [-71.3957, 
  41.8204], [-71.3957, 41.8203], [-71.3956, 41.8201], [-71.3956, 
  41.82], [-71.3955, 41.8199], [-71.3954, 41.8198], [-71.3955, 
  41.8197], [-71.3955, 41.8197], [-71.3958, 41.8197], [-71.3958, 
  41.8197], [-71.396, 41.8197], [-71.3962, 41.8197], [-71.3965, 
  41.8197], [-71.3965, 41.8197], [-71.3968, 41.8197], [-71.3969, 
  41.8197], [-71.3971, 41.8196], [-71.3973, 41.8196]]