[[-71.3975, 41.8192], [-71.3974, 41.8192], [-71.3975, 
  41.8192], [-71.3977, 41.8192], [-71.3977, 41.8192], [-71.3978, 
  41.8193], [-71.3979, 41.8193], [-71.3979, 41.8193], [-71.398, 
  41.8193], [-71.3981, 41.8193], [-71.3982, 41.8193], [-71.3983, 
  41.8193], [-71.3984, 41.8193], [-71.3985, 41.8193], [-71.3986, 
  41.8193], [-71.3988, 41.8193], [-71.3989, 41.8193], [-71.399, 
  41.8193], [-71.3991, 41.8193], [-71.3993, 41.8193], [-71.3995, 
  41.8192], [-71.3997, 41.8191], [-71.4, 41.8191], [-71.4001, 
  41.819], [-71.4003, 41.819], [-71.4004, 41.819], [-71.4006, 
  41.8189], [-71.4006, 41.8189], [-71.4008, 41.8188], [-71.401, 
  41.8188], [-71.4011, 41.8187], [-71.4013, 41.8186], [-71.4014, 
  41.8186], [-71.4016, 41.8186], [-71.4017, 41.8185], [-71.4018, 
  41.8185], [-71.4019, 41.8185], [-71.402, 41.8184], [-71.4023, 
  41.8183], [-71.4023, 41.8183], [-71.4025, 41.8182], [-71.4027, 
  41.8182], [-71.4029, 41.8181], [-71.403, 41.8181], [-71.4031, 
  41.818], [-71.4034, 41.818], [-71.4034, 41.8179], [-71.4037, 
  41.8178], [-71.4039, 41.8177], [-71.404, 41.8177], [-71.4042, 
  41.8176], [-71.4043, 41.8175], [-71.4046, 41.8175], [-71.4047, 
  41.8174], [-71.4049, 41.8173], [-71.4049, 41.8173], [-71.4052, 
  41.8172], [-71.4053, 41.8171], [-71.4055, 41.817], [-71.4056, 
  41.817], [-71.4058, 41.8169], [-71.406, 41.8168], [-71.4061, 
  41.8168], [-71.4063, 41.8167], [-71.4064, 41.8167], [-71.4066, 
  41.8166], [-71.4069, 41.8166], [-71.4069, 41.8166], [-71.407, 
  41.8165], [-71.4071, 41.8165], [-71.4072, 41.8165], [-71.4072, 
  41.8164], [-71.4073, 41.8164], [-71.4073, 41.8164], [-71.4074, 
  41.8164], [-71.4076, 41.8163], [-71.4077, 41.8163], [-71.4077, 
  41.8163], [-71.4079, 41.8162], [-71.4079, 41.8162], [-71.408, 
  41.8161], [-71.4081, 41.8161], [-71.4083, 41.816], [-71.4085, 
  41.8159], [-71.4087, 41.8158], [-71.4089, 41.8158], [-71.4091, 
  41.8157], [-71.4093, 41.8156], [-71.4094, 41.8156], [-71.4095, 
  41.8155], [-71.4096, 41.8155], [-71.4096, 41.8155], [-71.4098, 
  41.8155], [-71.41, 41.8155], [-71.4102, 41.8154], [-71.4103, 
  41.8154], [-71.4105, 41.8153], [-71.4106, 41.8153], [-71.4108, 
  41.8153], [-71.4109, 41.8152], [-71.4112, 41.8152], [-71.4113, 
  41.8152], [-71.4115, 41.8152], [-71.4116, 41.8152], [-71.4116, 
  41.8152], [-71.4117, 41.8151], [-71.4117, 41.8151], [-71.4118, 
  41.8151], [-71.4121, 41.8151], [-71.4122, 41.8151], [-71.4123, 
  41.8151], [-71.4126, 41.815], [-71.4128, 41.815], [-71.4131, 
  41.815], [-71.4132, 41.815], [-71.4135, 41.8149], [-71.4136, 
  41.8149], [-71.4137, 41.8149], [-71.4138, 41.8148], [-71.4141, 
  41.8148], [-71.4144, 41.8147], [-71.4146, 41.8146], [-71.4147, 
  41.8146], [-71.4149, 41.8146], [-71.415, 41.8145], [-71.4152, 
  41.8145], [-71.4153, 41.8144], [-71.4155, 41.8144], [-71.4156, 
  41.8144], [-71.4158, 41.8143], [-71.4159, 41.8143], [-71.4162, 
  41.8142], [-71.4164, 41.8142], [-71.4166, 41.8141], [-71.4168, 
  41.8141], [-71.417, 41.814], [-71.4171, 41.8138], [-71.4172, 
  41.8137], [-71.4174, 41.8136], [-71.4174, 41.8135], [-71.4175, 
  41.8134], [-71.4176, 41.8133], [-71.4178, 41.8132], [-71.4178, 
  41.8131], [-71.4179, 41.8131], [-71.418, 41.813], [-71.4181, 
  41.8128], [-71.4182, 41.8128], [-71.4184, 41.8126], [-71.4184, 
  41.8126], [-71.4186, 41.8124], [-71.4187, 41.8122], [-71.4187, 
  41.8122], [-71.4189, 41.812], [-71.419, 41.812], [-71.419, 
  41.812], [-71.4191, 41.8118], [-71.4192, 41.8118], [-71.4193, 
  41.8117], [-71.4194, 41.8115], [-71.4195, 41.8113], [-71.4196, 
  41.8113], [-71.4197, 41.8112], [-71.4198, 41.8111], [-71.4199, 
  41.811], [-71.42, 41.8109], [-71.4202, 41.8107], [-71.4203, 
  41.8105], [-71.4204, 41.8104], [-71.4205, 41.8103], [-71.4207, 
  41.8102], [-71.4207, 41.8101], [-71.4209, 41.8099], [-71.4209, 
  41.8099], [-71.421, 41.8097], [-71.421, 41.8095], [-71.421, 
  41.8095], [-71.4209, 41.8094], [-71.4209, 41.8094], [-71.4209, 
  41.8093], [-71.4209, 41.8091], [-71.4209, 41.809], [-71.4208, 
  41.8089], [-71.4208, 41.8087], [-71.4207, 41.8085], [-71.4207, 
  41.8084], [-71.4207, 41.8082], [-71.4206, 41.808], [-71.4206, 
  41.8079], [-71.4205, 41.8077], [-71.4205, 41.8076], [-71.4204, 
  41.8074], [-71.4204, 41.8074], [-71.4203, 41.8072], [-71.4203, 
  41.807], [-71.4202, 41.8069], [-71.4202, 41.8067], [-71.4201, 
  41.8067], [-71.4201, 41.8065], [-71.42, 41.8063], [-71.42, 
  41.8062], [-71.4199, 41.806], [-71.4199, 41.806], [-71.4199, 
  41.8059], [-71.4199, 41.8059], [-71.4199, 41.8059], [-71.4199, 
  41.8058], [-71.4198, 41.8057], [-71.4198, 41.8056], [-71.4197, 
  41.8054], [-71.4196, 41.8053], [-71.4196, 41.805], [-71.4195, 
  41.8048], [-71.4195, 41.8048], [-71.4195, 41.8046], [-71.4194, 
  41.8045], [-71.4194, 41.8044], [-71.4193, 41.8042], [-71.4193, 
  41.804], [-71.4192, 41.804], [-71.4192, 41.8038], [-71.4191, 
  41.8037], [-71.4191, 41.8036], [-71.4191, 41.8034], [-71.419, 
  41.8033], [-71.419, 41.8032], [-71.4189, 41.803], [-71.4189, 
  41.803], [-71.4188, 41.8029], [-71.4188, 41.8027], [-71.4187, 
  41.8025], [-71.4187, 41.8024], [-71.4186, 41.8022], [-71.4186, 
  41.802], [-71.4185, 41.8018], [-71.4185, 41.8017], [-71.4184, 
  41.8015], [-71.4183, 41.8014], [-71.4182, 41.8012], [-71.4181, 
  41.8011], [-71.418, 41.8009], [-71.4179, 41.8008], [-71.4178, 
  41.8007], [-71.4177, 41.8006], [-71.4176, 41.8004], [-71.4174, 
  41.8003], [-71.4173, 41.8003], [-71.4171, 41.8002], [-71.4171, 
  41.8002], [-71.4169, 41.8001], [-71.4167, 41.8], [-71.4166, 
  41.7999], [-71.4165, 41.7998], [-71.4164, 41.7998], [-71.4163, 
  41.7996], [-71.4162, 41.7996], [-71.416, 41.7994], [-71.416, 
  41.7994], [-71.4158, 41.7993], [-71.4157, 41.7992], [-71.4157, 
  41.7991], [-71.4156, 41.799], [-71.4154, 41.7989], [-71.4153, 
  41.7987], [-71.4152, 41.7987], [-71.415, 41.7985], [-71.415, 
  41.7985], [-71.4149, 41.7984], [-71.4148, 41.7983], [-71.4147, 
  41.7982], [-71.4146, 41.7982], [-71.4146, 41.7982], [-71.4145, 
  41.798], [-71.4144, 41.798], [-71.4143, 41.798], [-71.4142, 
  41.7978], [-71.4141, 41.7977], [-71.4141, 41.7977], [-71.4139, 
  41.7975], [-71.4138, 41.7974], [-71.4136, 41.7973], [-71.4134, 
  41.7971], [-71.4134, 41.7971], [-71.4133, 41.7969], [-71.4132, 
  41.7968], [-71.413, 41.7967], [-71.4129, 41.7966], [-71.4128, 
  41.7966], [-71.4127, 41.7965], [-71.4126, 41.7964], [-71.4124, 
  41.7962], [-71.4122, 41.7961], [-71.4122, 41.7961], [-71.4121, 
  41.796], [-71.4119, 41.7959], [-71.4119, 41.7958], [-71.4117, 
  41.7957], [-71.4116, 41.7956], [-71.4114, 41.7954], [-71.4113, 
  41.7954], [-71.4112, 41.7953], [-71.4113, 41.7953], [-71.4113, 
  41.7952], [-71.4112, 41.7951], [-71.411, 41.795], [-71.4109, 
  41.7948], [-71.4108, 41.7948], [-71.4106, 41.7946], [-71.4105, 
  41.7945], [-71.4105, 41.7945], [-71.4103, 41.7944], [-71.4102, 
  41.7942], [-71.41, 41.7941], [-71.4098, 41.794], [-71.4097, 
  41.7939], [-71.4095, 41.7937], [-71.4094, 41.7936], [-71.4092, 
  41.7934], [-71.4091, 41.7933], [-71.4091, 41.7933], [-71.4091, 
  41.7933], [-71.4091, 41.7933], [-71.409, 41.7932], [-71.409, 
  41.7932], [-71.4089, 41.7931], [-71.4088, 41.793], [-71.4087, 
  41.7929], [-71.4086, 41.7929], [-71.4086, 41.7927], [-71.4086, 
  41.7926], [-71.4087, 41.7924], [-71.4088, 41.7924], [-71.409, 
  41.7922], [-71.4091, 41.7922], [-71.4091, 41.7921], [-71.4093, 
  41.792], [-71.4095, 41.7919], [-71.4097, 41.7917], [-71.4098, 
  41.7917], [-71.4098, 41.7917], [-71.41, 41.7916], [-71.4101, 
  41.7915], [-71.4101, 41.7915], [-71.4102, 41.7914], [-71.4103, 
  41.7914], [-71.4104, 41.7912], [-71.4104, 41.7912], [-71.4106, 
  41.7911], [-71.4106, 41.791], [-71.4107, 41.7909], [-71.4109, 
  41.7907], [-71.411, 41.7906], [-71.411, 41.7906], [-71.4111, 
  41.7905], [-71.4112, 41.7904], [-71.4114, 41.7903], [-71.4114, 
  41.7902], [-71.4116, 41.7901], [-71.4118, 41.79], [-71.4119, 
  41.7899], [-71.412, 41.7898], [-71.4121, 41.7898], [-71.4123, 
  41.7896], [-71.4125, 41.7895], [-71.4127, 41.7893], [-71.4129, 
  41.7892], [-71.4129, 41.7891], [-71.4131, 41.789], [-71.4132, 
  41.789], [-71.4133, 41.7889], [-71.4134, 41.7888], [-71.4136, 
  41.7887], [-71.4138, 41.7886], [-71.414, 41.7885], [-71.414, 
  41.7884], [-71.4142, 41.7882], [-71.4144, 41.7881], [-71.4145, 
  41.7881], [-71.4147, 41.788], [-71.4147, 41.788], [-71.4147, 
  41.7879], [-71.4147, 41.7878], [-71.4147, 41.7876], [-71.4147, 
  41.7874], [-71.4147, 41.7873], [-71.4147, 41.7871], [-71.4147, 
  41.787], [-71.4146, 41.7868], [-71.4146, 41.7868], [-71.4147, 
  41.7866], [-71.4148, 41.7864], [-71.4148, 41.7863], [-71.415, 
  41.7861], [-71.415, 41.786], [-71.4152, 41.7859], [-71.4152, 
  41.7859], [-71.4154, 41.7858], [-71.4155, 41.7858], [-71.4157, 
  41.7857], [-71.4158, 41.7857], [-71.416, 41.7857], [-71.4162, 
  41.7858], [-71.4164, 41.786], [-71.4166, 41.7861], [-71.4167, 
  41.7861], [-71.4169, 41.7862], [-71.4171, 41.7862], [-71.4173, 
  41.7862], [-71.4174, 41.7864], [-71.4175, 41.7864], [-71.4177, 
  41.7865], [-71.4179, 41.7865], [-71.418, 41.7865], [-71.4182, 
  41.7864], [-71.4183, 41.7863], [-71.4185, 41.7862], [-71.4186, 
  41.7862], [-71.4186, 41.7861], [-71.4186, 41.786], [-71.4184, 
  41.7858], [-71.4183, 41.7858], [-71.4182, 41.7857], [-71.4181, 
  41.7855], [-71.4181, 41.7853], [-71.4181, 41.7853], [-71.4179, 
  41.7851], [-71.4178, 41.7849], [-71.4178, 41.7848], [-71.4178, 
  41.7846], [-71.4178, 41.7845], [-71.4177, 41.7843], [-71.4177, 
  41.7842], [-71.4175, 41.7841], [-71.4175, 41.784], [-71.4174, 
  41.7839], [-71.4173, 41.7839], [-71.4173, 41.7838], [-71.4172, 
  41.7839], [-71.4171, 41.7839], [-71.417, 41.784], [-71.4169, 
  41.7839], [-71.4169, 41.7839], [-71.4168, 41.7839], [-71.4168, 
  41.7839], [-71.4167, 41.784], [-71.4166, 41.7839], [-71.4166, 
  41.7838], [-71.4165, 41.7838], [-71.4165, 41.7839], [-71.4165, 
  41.7839], [-71.4165, 41.7839], [-71.4165, 41.784], [-71.4165, 
  41.7842], [-71.4164, 41.7842], [-71.4163, 41.7844], [-71.4162, 
  41.7846], [-71.4162, 41.7847], [-71.4162, 41.7848], [-71.4161, 
  41.785], [-71.416, 41.785], [-71.4159, 41.7852], [-71.4159, 
  41.7852], [-71.4158, 41.7854], [-71.4158, 41.7854], [-71.4157, 
  41.7854], [-71.4156, 41.7855], [-71.4155, 41.7856], [-71.4155, 
  41.7856], [-71.4154, 41.7857], [-71.4153, 41.7858], [-71.4151, 
  41.7859], [-71.4151, 41.786], [-71.4149, 41.7862], [-71.4148, 
  41.7862], [-71.4146, 41.7864], [-71.4144, 41.7864], [-71.4143, 
  41.7864], [-71.4141, 41.7865], [-71.414, 41.7865], [-71.4139, 
  41.7865], [-71.4138, 41.7866], [-71.4138, 41.7868], [-71.4138, 
  41.7868], [-71.4138, 41.7869], [-71.4138, 41.7871], [-71.4138, 
  41.7872], [-71.4138, 41.7873], [-71.4138, 41.7874], [-71.4138, 
  41.7874], [-71.4138, 41.7876], [-71.4138, 41.7878], [-71.4137, 
  41.788], [-71.4137, 41.788], [-71.4135, 41.7882], [-71.4135, 
  41.7882], [-71.4134, 41.7883], [-71.4133, 41.7883], [-71.4132, 
  41.7884], [-71.4131, 41.7884], [-71.413, 41.7884], [-71.413, 
  41.7884], [-71.4128, 41.7886], [-71.4127, 41.7886], [-71.4126, 
  41.7887], [-71.4125, 41.7887], [-71.4124, 41.7888], [-71.4122, 
  41.789], [-71.412, 41.7891], [-71.4118, 41.7892], [-71.4116, 
  41.7894], [-71.4115, 41.7894], [-71.4113, 41.7896], [-71.4113, 
  41.7896], [-71.4112, 41.7897], [-71.4112, 41.7897], [-71.4111, 
  41.7898], [-71.4109, 41.7899], [-71.4108, 41.79], [-71.4106, 
  41.7901], [-71.4106, 41.7901], [-71.4104, 41.7902], [-71.4103, 
  41.7903], [-71.4101, 41.7904], [-71.41, 41.7905], [-71.4098, 
  41.7906], [-71.4097, 41.7908], [-71.4095, 41.7909], [-71.4093, 
  41.791], [-71.4091, 41.7911], [-71.4091, 41.7912], [-71.4089, 
  41.7913], [-71.4088, 41.7914], [-71.4086, 41.7915], [-71.4086, 
  41.7915], [-71.4084, 41.7916], [-71.4083, 41.7917], [-71.4081, 
  41.7918], [-71.4081, 41.7918], [-71.4079, 41.792], [-71.4079, 
  41.792], [-71.4077, 41.7921], [-71.4075, 41.7923], [-71.4075, 
  41.7923], [-71.4076, 41.7924], [-71.4078, 41.7925], [-71.4079, 
  41.7926], [-71.408, 41.7927], [-71.4081, 41.7927], [-71.4083, 
  41.7929], [-71.4083, 41.7929], [-71.4083, 41.7929], [-71.4084, 
  41.793], [-71.4086, 41.7931], [-71.4088, 41.7933], [-71.4088, 
  41.7933], [-71.4089, 41.7935], [-71.409, 41.7935], [-71.4092, 
  41.7937], [-71.4093, 41.7938], [-71.4095, 41.7939], [-71.4096, 
  41.794], [-71.4098, 41.7942], [-71.4099, 41.7943], [-71.41, 
  41.7943], [-71.41, 41.7943], [-71.4101, 41.7944], [-71.4103, 
  41.7945], [-71.4104, 41.7946], [-71.4104, 41.7947], [-71.4105, 
  41.7947], [-71.4105, 41.7947], [-71.4104, 41.7948], [-71.4104, 
  41.795], [-71.4105, 41.7952], [-71.4105, 41.7953], [-71.4106, 
  41.7954], [-71.4107, 41.7956], [-71.4107, 41.7957], [-71.4108, 
  41.7959], [-71.4108, 41.796], [-71.4109, 41.796], [-71.4109, 
  41.7962], [-71.411, 41.7964], [-71.411, 41.7964], [-71.4111, 
  41.7966], [-71.4112, 41.7968], [-71.4112, 41.7969], [-71.4113, 
  41.797], [-71.4114, 41.7972], [-71.4114, 41.7972], [-71.4115, 
  41.7974], [-71.4115, 41.7976], [-71.4115, 41.7977], [-71.4116, 
  41.7978], [-71.4116, 41.7979], [-71.4117, 41.7981], [-71.4117, 
  41.7982], [-71.4118, 41.7983], [-71.4119, 41.7984], [-71.4119, 
  41.7986], [-71.412, 41.7987], [-71.412, 41.7987], [-71.412, 
  41.7988], [-71.4121, 41.799], [-71.4122, 41.7992], [-71.4122, 
  41.7993], [-71.4123, 41.7995], [-71.4124, 41.7996], [-71.4125, 
  41.7998], [-71.4125, 41.7999], [-71.4126, 41.8001], [-71.4126, 
  41.8001], [-71.4127, 41.8003], [-71.4127, 41.8004], [-71.4128, 
  41.8005], [-71.4128, 41.8007], [-71.4129, 41.8009], [-71.413, 
  41.801], [-71.413, 41.8011], [-71.4131, 41.8013], [-71.4131, 
  41.8013], [-71.4132, 41.8015], [-71.4132, 41.8016], [-71.4133, 
  41.8017], [-71.4133, 41.8018], [-71.4134, 41.802], [-71.4135, 
  41.8021], [-71.4135, 41.8022], [-71.4136, 41.8023], [-71.4136, 
  41.8025], [-71.4137, 41.8026], [-71.4138, 41.8028], [-71.4138, 
  41.8029], [-71.4139, 41.8031], [-71.4139, 41.8032], [-71.414, 
  41.8034], [-71.414, 41.8035], [-71.4141, 41.8037], [-71.4141, 
  41.8037], [-71.4142, 41.8039], [-71.4143, 41.8041], [-71.4143, 
  41.8041], [-71.4144, 41.8043], [-71.4144, 41.8044], [-71.4144, 
  41.8045], [-71.4145, 41.8047], [-71.4146, 41.8048], [-71.4147, 
  41.805], [-71.4147, 41.8051], [-71.4148, 41.8053], [-71.4148, 
  41.8054], [-71.4149, 41.8056], [-71.415, 41.8057], [-71.4151, 
  41.8059], [-71.4152, 41.8061], [-71.4152, 41.8062], [-71.4152, 
  41.8064], [-71.4153, 41.8065], [-71.4153, 41.8066], [-71.4153, 
  41.8067], [-71.4154, 41.8069], [-71.4155, 41.8069], [-71.4156, 
  41.8071], [-71.4156, 41.8072], [-71.4157, 41.8074], [-71.4157, 
  41.8074], [-71.4158, 41.8076], [-71.4158, 41.8077], [-71.4159, 
  41.8078], [-71.4159, 41.8079], [-71.416, 41.8081], [-71.4161, 
  41.8082], [-71.4161, 41.8084], [-71.4161, 41.8086], [-71.416, 
  41.8086], [-71.416, 41.8088], [-71.416, 41.8089], [-71.4159, 
  41.8091], [-71.4159, 41.8093], [-71.4159, 41.8094], [-71.4158, 
  41.8095], [-71.4158, 41.8097], [-71.4158, 41.8098], [-71.4158, 
  41.8099], [-71.4158, 41.8099], [-71.4158, 41.81], [-71.4157, 
  41.8101], [-71.4157, 41.8103], [-71.4157, 41.8104], [-71.4157, 
  41.8104], [-71.4156, 41.8105], [-71.4156, 41.8105], [-71.4156, 
  41.8105], [-71.4156, 41.8106], [-71.4156, 41.8108], [-71.4156, 
  41.8109], [-71.4155, 41.811], [-71.4155, 41.8112], [-71.4155, 
  41.8113], [-71.4154, 41.8115], [-71.4154, 41.8115], [-71.4154, 
  41.8116], [-71.4154, 41.8116], [-71.4153, 41.8116], [-71.4152, 
  41.8118], [-71.4152, 41.8119], [-71.4152, 41.812], [-71.4152, 
  41.8121], [-71.4151, 41.8123], [-71.4151, 41.8125], [-71.4151, 
  41.8126], [-71.4151, 41.8127], [-71.4151, 41.8128], [-71.4151, 
  41.813], [-71.4151, 41.8131], [-71.4151, 41.8133], [-71.4152, 
  41.8134], [-71.4152, 41.8136], [-71.4152, 41.8137], [-71.4152, 
  41.8138], [-71.4152, 41.8139], [-71.4152, 41.8141], [-71.4152, 
  41.8143], [-71.4152, 41.8144], [-71.4152, 41.8144], [-71.4151, 
  41.8145], [-71.4149, 41.8146], [-71.4147, 41.8146], [-71.4145, 
  41.8146], [-71.4144, 41.8147], [-71.4142, 41.8147], [-71.4142, 
  41.8147], [-71.4139, 41.8148], [-71.4138, 41.8148], [-71.4138, 
  41.8149], [-71.4138, 41.8149], [-71.4137, 41.815], [-71.4136, 
  41.815], [-71.4135, 41.815], [-71.4132, 41.8151], [-71.4131, 
  41.8151], [-71.4129, 41.8151], [-71.4127, 41.8151], [-71.4125, 
  41.8151], [-71.4122, 41.8152], [-71.412, 41.8152], [-71.4119, 
  41.8152], [-71.4118, 41.8152], [-71.4115, 41.8152], [-71.4115, 
  41.8152], [-71.4114, 41.8153], [-71.4112, 41.8153], [-71.4111, 
  41.8153], [-71.4109, 41.8154], [-71.4107, 41.8154], [-71.4105, 
  41.8154], [-71.4103, 41.8155], [-71.4101, 41.8155], [-71.4099, 
  41.8156], [-71.4098, 41.8156], [-71.4096, 41.8157], [-71.4096, 
  41.8157], [-71.4094, 41.8158], [-71.4093, 41.8159], [-71.4092, 
  41.8159], [-71.4089, 41.816], [-71.4089, 41.816], [-71.4087, 
  41.8161], [-71.4086, 41.8162], [-71.4083, 41.8162], [-71.4082, 
  41.8163], [-71.4082, 41.8163], [-71.4081, 41.8163], [-71.408, 
  41.8163], [-71.408, 41.8164], [-71.408, 41.8164], [-71.4079, 
  41.8164], [-71.4077, 41.8165], [-71.4077, 41.8165], [-71.4074, 
  41.8166], [-71.4073, 41.8166], [-71.4071, 41.8167], [-71.407, 
  41.8168], [-71.4068, 41.8168], [-71.4067, 41.8169], [-71.4066, 
  41.8169], [-71.4066, 41.8169], [-71.4065, 41.817], [-71.4062, 
  41.8171], [-71.4062, 41.8171], [-71.4061, 41.8171], [-71.4059, 
  41.8172], [-71.4057, 41.8173], [-71.4055, 41.8174], [-71.4054, 
  41.8174], [-71.4052, 41.8175], [-71.4051, 41.8176], [-71.4049, 
  41.8177], [-71.4048, 41.8177], [-71.4046, 41.8178], [-71.4045, 
  41.8178], [-71.4043, 41.8179], [-71.4042, 41.8179], [-71.404, 
  41.818], [-71.4038, 41.8181], [-71.4037, 41.8182], [-71.4035, 
  41.8182], [-71.4033, 41.8183], [-71.4031, 41.8184], [-71.403, 
  41.8184], [-71.4028, 41.8185], [-71.4028, 41.8185], [-71.4025, 
  41.8186], [-71.4024, 41.8187], [-71.4022, 41.8188], [-71.4021, 
  41.8188], [-71.4021, 41.8188], [-71.402, 41.8189], [-71.4017, 
  41.8189], [-71.4017, 41.8189], [-71.4014, 41.819], [-71.4013, 
  41.8191], [-71.4011, 41.8191], [-71.401, 41.8192], [-71.4009, 
  41.8192], [-71.4007, 41.8192], [-71.4007, 41.8192], [-71.4005, 
  41.8192], [-71.4002, 41.8193], [-71.4, 41.8194], [-71.3999, 
  41.8194], [-71.3998, 41.8194], [-71.3995, 41.8195], [-71.3993, 
  41.8195], [-71.399, 41.8195], [-71.399, 41.8195], [-71.3987, 
  41.8195], [-71.3986, 41.8195], [-71.3984, 41.8195], [-71.3982, 
  41.8196], [-71.398, 41.8195], [-71.3977, 41.8195], [-71.3976, 
  41.8195], [-71.3974, 41.8196], [-71.3973, 41.8196], [-71.3973, 
  41.8196]]